195847527
202646170
185277339
81557701
75048673
73899333
75763228
72405292
77263313
73646483
76690063
70148731
84607509
84718246
88331881
138958961
78401815
79862585
74021076
79524631
73008617
79251412
76609512
77929255
82136897
82990296
70128097
81310057
84565886
79399434
74467274
73485296
73686142
75832638
83644850
91480569
75039032
74085068
72671154
72228557
78321045
79840836
80719299
76898833
76859325
74039087
71323067
75763357
75607090
79289048
77506590
153829104
139208167
82808143
74406362
75550226
76215386
83658193
77426289
73460468
71245294
70606939
75838538
83372889
80825456
76413264
86310557
74735384
78183388
72179694
73899256
75324380
75932965
72710915
69654270
68856009
81132965
72193281
75073539
75421792
73378030
71440207
72703037
72182083
70733888
69965978
71296274
70079994
69659134
69043968
80252310
72582000
76195119
74657371
72392645
71909521
71829304
69671114
69208143
71505273
75472243
80036945
71990493
75063875
72871857
71526682
70160304
74587132
72062922
72822839
70927439
71376195
72876559
70189238
70691925
74366357
105762578
72343400
84686932
73860425
76631145
75713576
73566801
75158130
79122941
77595045
75322766
73727269
78263240
99000784
74853224
81648252
78011892
77417552
72050764
70073809
70179024
70730078
84265229
80918991
101164495
74480285
80061734
75379948
79895103
74619181
75820650
77152094
72491090
72475973
70382841
69563153
76572997
81026633
73976007
70036647
74127376
71669383
71187086
70234428
72220153
73021161
68783216
70781687
73327873
73626211
74517835
73626466
80289941
75097599
85795586
76249985
74592530
76890731
72982954
68845010
71723690
70514944
68831252
69430187
74265766
89523334
74283303
74934525
71612435
87135783
79950337
81981835
81557394
76815903
74376294
75342962
76011129
74842707
75123799
104748688
73391020
82950969
74510466
77826422
77156405
78136918
86220068
80009504
76279308
71484665
70194631
71230396
69558313
72321667
96654307
73591696
78080599
73735212
73486256
76053554
75799075
73099163
71968098
72735997
69998214
81984118
72506061
77035428
84203586
76335716
78337706
74963125
79756912
79847400
72637727
80167658
70323554
70005434
72306962
72670808
74434691
83699682
71675380
70733783
72502584
74317070
69186983
71493551
71984469
103668929
74575557
77390673
73848797
78891273
75095140
83246879
75567821
75458286
74034122
78657296
69678168
70584119
71373126
71569179
80466421
73438937
70724754
75584800
69913176
77955487
73439535
77343448
74192074
82515335
81993447
82517555
101941730
79619188
84199007
96897462
78165854
75619790
76993007
81517890
74080081
75539903
74193047
76956538
71270908
71874416
73434744
81769301
71409432
72058531
77609916
72843672
73214853
69100652
71880633
70545565
73188491
74050806
78051858
76022988
73360839
102828537
76770580
73746784
78568336
79262941
73659483
75471250
73525538
74928856
74475674
69262409
74565848
78383382
69833276
75190074
73479849
70418443
69903401
73585002
72666604
70577129
70514867
78678653
76967203
74415393
73662235
74507848
73471811
75475957
74497825
77060174
74692600
69498036
68833483
77477450
72334649
88079312
123447978
81495716
74347027
78647541
86394480
75467429
78280444
77460527
72012616
70718173
70606002
70477731
73172545
71697166
70518712
69711379
71837919
88195387
70782160
75236851
92805441
74183083
75162000
75497133
76289201
75033763
87761941
73998918
70047374
78706663
76393166
69542007
69539159
70558770
70401952
68731120
69253968
70629325
69135486
92566367
74520283
79226965
71578462
80586213
75266644
73630909
75612348
75878967
74862599
71118539
77278284
72613742
73576279
91235326
76751938
80027651
82914053
75968596
73215379
73000356
72373992
74762019
74951820
73910977
75806951
74312125
75572373
72308388
75980652
99470351
75668900
76776564
73187868
74092048
71698615
76442501
69974838
71368533
71416128
80362704
75159514
72890034
74831567
69830929
71472904
70515438
71354332
71764265
72996735
71130935
71119042
71282225
73148220
71961333
70989018
71749521
69870708
71835911
70379584
73269905
68962752
69933097
71773394
71607492
68879090
91568677
71804257
74487678
72894598
72220522
79408142
74624681
75268661
74413448
79351673
73130302
77779053
77975842
73140252
74179701
76377923
75004262
70993903
74411284
79170496
73517482
73905305
68990276
72267450
75770628
68235326
73184780
74006248
81379249
76560763
73590481
71764982
77398560
85142088
77622291
87750231
76374548
74931416
73940097
69947311
74408803
71734425
79354300
83594421
72570407
82746330
77862206
79967401
80273996
97026039
78633507
79914109
76090770
116967413
74513010
87126872
85659210
77265179
74868048
76960581
86116663
79091145
76750579
72111081
80789650
72661834
70589004
68797342
71740867
73113528
79298454
74164787
74526942
86092998
75303525
73298792
74729155
75052584
87815117
86834690
71980659
73813061
72614888
70707618
70733582
71295909
71360869
72750028
71465670
72053489
72596283
71848212
72952179
69821858
68767897
69800990
70341106
84037742
78697429
74736346
79901089
72212024
75385412
77850192
78507420
73402410
74832581
72072941
70743814
73577077
71179737
73012003
74579692
72772211
73282791
72149955
71651671
71879185
73763193
102498602
77694581
80727764
80322766
72891302
77729508
74177024
74266869
77427088
78648014
106135440
79326374
73437529
73179242
75363485
75209408
71293215
73494052
70408327
69830715
72672639
70579413
74163289
69109397
71807490
70282625
69982219
69635202
73842760
73249553
76601655
70799800
74187592
71099507
71632837
69912463
75795441
70857819
69052578
70901481
72126562
71757108
70787913
70025987
73327356
70192045
72157088
71074270
72734748
70931458
71117760
70551304
71283875
74939533
72417886
69798308
72455721
88473853
83460111
85643284
78286524
79511636
75310202
74289758
75683970
72136406
76538607
72462262
71211439
73828266
91935137
75048753
72354336
77048301
109233485
77579022
80256877
75498063
78493118
81744484
103022695
74631134
74576647
68693098
74007568
71315064
72691710
73849639
68722203
69509123
78732238
70993277
69498201
70490372
74484973
70472840
71208011
72960342
70154732
69943325
75847633
71084831
74003572
112091422
117967069
115022911
72976295
75568158
76640671
75924394
77294422
73557027
69244950
72045608
72641312
69760290
72375772
72913414
70898231
73187013
72449504
73197927
75066697
83418047
72385320
74298597
71983771
71128203
70747933
74387181
74123832
70516890
71888594
68971806
73298336
72969973
69590124
72904655
69361207
72081890
73163677
71458659
71004863
75823671
71999557
70685082
71870036
71441662
70186640
77506196
78780793
76134356
73389268
77963836
75911883
75048919
76966542
72237208
78342658
74410388
72804318
75652802
71591186
70680550
70052946
76786984
77447353
73617624
72061134
80512908
71434226
76938291
77000803
75779870
76352370
73824029
71484973
73370924
70912663
75126188
89852563
71473752
77069853
71496378
70066527
71938173
76786836
73385438
72337272
79449756
71758352
69467644
70193985
70980661
70333986
69152060
68621366
68964696
70603720
73708565
70761492
70266168
71039749
87403288
85501600
83099155
74369579
75697876
71244332
70089736
70907078
69215338
70108676
72520384
77072525
70624814
69918913
72870068
67726600
72943078
72178094
69991271
72064321
72386749
72181934
69647597
71238415
71506108
69115656
72634975
70815681
69724968
70472879
69979456
70748986
73157669
83388053
68759828
72755351
71163447
68442411
80585425
78570938
68881906
91583523
76599530
83484343
118466219
103891399
74772352
76148605
74379040
71493808
76069683
93044594
70486722
72352679
72105025
71736139
74050109
76031615
71513127
69109739
70245544
69448955
70685718
70517002
74906130
68189739
70035714
69759378
71981175
72153041
68973000
69232931
71346935
72320596
71425259
73059246
70431474
70344929
71723167
81210767
70479735
73370567
68207307
74364929
69461558
74113892
83386662
77716259
80977226
108460618
100544554
99133184
82046340
84830377
87727765
73701287
98199940
101750874
84682147
69991650
78785324
82716299
75248419
89564708
74856149
83039712
77205694
69588706
73516114
70260051
69598971
80045600
75323894
82228640
94374292
75696172
76957031
82352047
77657149
71005307
74840980
76240565
72453902
75927366
70990569
68309549
71302217
71078883
70084078
70754004
71511686
68594487
73081740
91065987
74120498
74238511
73288829
71872195
74473221
116237751
87367437
82811271
74107710
72280480
74320900
80659331
70439874
81848713
77852694
72054959
70005958
71151551
78459205
70786170
72626200
73674230
74788382
80736567
69793812
72922126
73037208
73141563
69346157
71913240
70698049
72046495
71658132
72032845
82004727
75524437
73532029
74294006
83104150
75706376
72290342
107765972
164651929
109665702
73607913
71088974
116953701
79256981
80151238
251982072
404130080
214882776
173549423
79720005
150916516
127134894
112924966
105781402
84139316
76465012
78980393
74111620
74056151
74239795
77989838
81607296
92259625
80156308
80370904
84970898
80562844
81701230
81577914
75603248
88791685
83498091
73641253
75526727
71963162
78745596
78552770
74686970
81115486
82177706
79372958
77449600
74944779
82597574
80113427
76099811
69917623
69840416
69416011
69462683
82178561
171983019
124669746
93204416
87628187
86643154
81372734
