22932482
17075074
20469987
17523713
18755425
9175911
1791347
1626378
1431118
1314002
1650489
951625
983933
1491469
1240540
1476338
842825
2065285
1713594
1458776
1665193
1270688
1031815
679864
1292286
870276
1081534
941021
970819
894948
867616
2284549
706447
1051729
960782
887086
933629
678019
626698
811404
687133
713256
655892
916075
626693
649521
751007
866669
1912227
1601475
878616
909274
816557
1642762
1542482
26358885
39093541
26615757
925863
919963
788651
1341502
4612793
1240578
681622
1048257
1063313
977464
1616915
1210154
1491205
1015562
1560606
1082548
1426217
877895
1020834
675301
1165008
1253250
1469520
1226227
907462
1638160
1176079
864972
981786
1228739
2570553
1165832
1161351
903948
1136405
944040
1660668
2013420
971545
1891578
798241
5782114
848309
945520
1084060
1240694
1107557
930763
2653195
827778
1309408
2749239
1038342
897505
1423409
729035
768305
779486
780391
768189
742284
852817
873553
873847
839365
1158462
943569
881123
828402
1116044
858189
977691
677103
1288945
849097
936387
897475
900409
693875
787233
2428440
781754
963635
866912
2576537
824998
938242
2295202
8539829
844479
802628
1291605
861751
1425354
894195
1014561
818098
786213
766908
894827
711289
692697
1715408
1044390
677557
1086349
683503
804847
753469
710893
866876
744982
787990
819640
896291
4429834
717109
681085
764557
2155769
749882
1199764
983837
1099765
790090
873441
1275561
1043612
1465849
753035
744186
884308
2371193
956004
1021728
871463
870227
9802535
812561
1976873
1597603
8398137
893466
953314
3708907
939019
951677
750660
686602
938814
5088293
690082
931872
13679344
893591
900012
867385
3279290
721589
1825880
878889
7436919
1753122
2000459
4566161
4995156
1236717
919769
893635
832590
885264
842184
831297
967622
884881
852210
868128
688982
891266
940389
1628040
885897
904704
1217969
1091423
6277324
1607372
756882
1165314
1306115
914669
755570
1775901
824939
742351
4746027
894933
848307
897600
3429729
1453952
1065148
796075
1726138
4178004
792943
700829
788440
1881318
847770
757013
1127174
935450
932768
703854
1070353
1003198
5126655
897738
680513
897114
2009740
684737
677739
682820
8468152
1027734
673289
674056
879036
944869
972062
1635405
675970
673719
2335384
920320
5097870
839212
751869
731454
710347
1707933
829861
1092275
826371
1715309
924743
961895
1131460
1617577
815792
674379
671369
1712652
914852
745186
696343
1045295
935114
1012301
954405
894030
2673608
2767556
956766
708571
722393
761203
1065851
674803
1248068
907796
3654664
1842333
874962
672657
676225
671553
734438
965487
931616
849679
747744
819609
1109403
816075
743215
785996
882173
857691
873407
3688937
679496
741968
1146316
847531
678177
674644
971248
873102
835723
1053011
812233
4409542
745128
674131
683505
1248165
807690
906274
678912
1006601
690127
711364
750460
712519
713899
841661
874612
5796674
715771
701056
863915
1383001
732411
1149903
673640
1680739
987235
2934461
1115732
841572
798258
1388132
1064259
907178
718643
1041634
1066200
785364
842735
867106
830011
895775
2971138
1188431
736238
906393
676990
744649
1929849
792362
673463
1570393
796847
814697
882097
1080447
1705114
1084928
939512
686342
672969
705852
924418
1098262
738229
785539
1023728
740424
1146372
724054
757845
874095
873478
870557
3881018
719391
678525
688513
1483829
2010112
925777
928691
1954927
1989033
1674881
2004820
1074922
931660
947912
1875457
1401957
1037076
949076
2553351
880789
3843015
899740
700143
688656
735024
711802
1821825
676047
674022
1292942
877578
971540
846037
893858
1500501
2312193
714269
720535
1601590
831805
676604
1295964
800067
797979
729382
775182
787771
858482
841511
3921650
892531
672995
725481
1031912
891011
1279456
3277837
1187540
685972
1028407
873581
925100
2492534
1607633
2882219
865829
818080
3375682
828541
789942
1918674
2725712
956875
1078666
1133748
1348571
1370294
682717
678142
693925
835760
927534
1363903
1716052
1231537
1035954
1197361
3380104
1026769
1059979
890832
879162
1928075
940801
903438
1242330
791626
999258
710507
928178
843164
927120
4589137
1022376
820918
848412
1683061
676443
1131080
1840921
827624
836092
3014452
1867721
674482
693406
706670
1502168
1048063
2351903
810136
800696
702844
801550
781471
817157
785117
691301
705136
689665
1021201
746453
1797919
769322
1721513
1639323
3982462
1811464
746990
1113249
676243
1002892
1236540
870331
675103
1397607
925714
702729
769058
756907
1093151
5358094
735730
681062
799086
785898
1687192
1236882
1839246
812541
821972
1313601
895956
1782885
1062962
928189
696640
701609
623089
721952
1509910
886183
670859
671518
3388624
12904618
1672296
1321690
1477796
7539265
1866451
1590123
1017649
836699
831986
678113
671710
672673
8460290
7210724
904412
5725516
1819792
1940784
1009076
1034607
785404
1291918
879444
1031902
1013920
8870456
976108
993740
2679297
2219112
8960050
4570802
981685
1076978
880427
9530326
2521441
871925
1356223
7551776
6673469
5182411
9282652
873145
896191
5452128
4277793
5302872
14712293
882131
12578347
1839110
3045326
11019727
868962
1269184
3279534
8214692
835907
671740
847932
3108398
677170
1401069
11028103
2460197
781977
2281637
4574344
1131323
843155
694052
753135
694511
672795
1037014
766290
894759
738235
1232607
760391
844552
706428
809048
1675482
1017269
862813
790443
683680
694747
773055
1156083
676663
735229
873326
1085509
944843
944557
2123804
5663578
1126050
933712
5856777
938756
2266517
2007420
2736337
688566
673339
672899
673284
675162
867079
808156
4421484
1115460
1526114
1770118
729252
901433
931972
735781
777053
730053
724388
949305
4159405
1484676
877357
955468
673042
679234
687943
897380
1013700
687225
686474
812760
1238349
1981564
1203210
1175845
930562
936719
931316
1106180
939836
1478462
920534
781890
673341
857854
1076780
908024
797213
3641269
1205517
1236552
742779
706495
710295
677186
686926
677261
857432
807640
832120
798806
1059540
804449
5984408
696759
689630
1119065
974009
1395857
745301
837471
1226697
804360
840061
704994
924608
854693
691339
699399
755030
673264
725801
1476453
971279
914944
787092
1727896
974940
877855
2134486
685908
683646
795848
677070
674274
808716
1461333
923656
939652
1147522
805689
912177
741064
755662
784396
15294300
839610
718213
1533125
1361938
683500
623802
679561
717950
863144
1126691
1028072
1451475
1272461
780523
805179
742905
734291
723664
1154898
922880
685891
807034
702621
682933
796045
1458318
868357
756503
1527470
736382
1455340
2734738
867391
679116
677839
692714
775403
701139
1590636
933347
768324
1319902
2186301
716419
770903
721170
5388331
683528
684823
1466186
696430
684908
686812
676876
1312503
1668250
905584
903856
1068171
3580367
934788
932990
936217
1434107
860269
868610
741603
956034
880548
927828
735941
786661
740366
3567861
2830406
682286
698632
939257
723565
1596727
830766
921521
839896
1611178
899490
1492700
1253316
1357071
677250
704801
831540
700481
692799
686980
750923
1103321
877430
835663
674322
970847
682983
707741
712663
3893589
1913588
676983
720163
695043
766686
688204
734950
1754127
835022
951349
830821
1120519
997495
957125
2932341
676353
685853
682296
791860
677262
685901
1558633
728966
917190
772248
982717
795631
814550
751167
1104760
3806924
676898
689058
691144
728665
683708
802578
901328
971518
826352
934172
812963
788152
1420491
3540798
861363
842160
1173086
995121
831714
1613508
1081107
676256
1024797
930206
936135
775065
5381400
708412
685596
728072
974257
685973
684129
680186
680357
676741
1097116
755081
972095
3766171
